Введена матриця розмірності 6:
41,604 43,798 -61,425 54,877 95,675 50,701 
-81,324 40,305 -31,763 -50,472 -49,677 -54,605 
-44,234 -26,131 -16,603 -77,695 65,854 10,651 
99,254 -48,201 38,397 -11,9 -72,178 64,322 
-56,607 55,038 26,28 80,654 -96,863 -20,51 
-25,508 45,079 54,531 -98,091 -24,696 85,307 
Обраний метод:Левер'є-Фадєєва
Власні числа:
L1:-33,3635
L2:59,8163
Власні вектори:
--x1->: (-0,4280 -0,4280 -0,6142 0,1567 -0,1878 0,4433)
--x2->: (0,5057 0,5682 -0,4333 -0,1974 -0,1012 -0,4295)
Практична складність: 1855
